diary on
bvp_2d
              h               ||u_h - v_h ||(inf)        ||u_h - v_h ||(inf)/h^2     
-------------------------------------------------------------------------------------
     5.000000000000000e-01     2.318514286922055e-01     9.274057147688222e-01

     2.500000000000000e-01     3.294196833326979e-01     5.270714933323167e+00

     1.250000000000000e-01     4.050001468085658e-01     2.592000939574821e+01

     6.250000000000000e-02     4.295195002254407e-01     1.099569920577128e+02

     3.125000000000000e-02     4.357976830412936e-01     4.462568274342847e+02

     1.562500000000000e-02     4.373530982924789e-01     1.791398290605994e+03

     7.812500000000000e-03     4.378436792915739e-01     7.173630841513147e+03

     3.906250000000000e-03     4.379384196121477e-01     2.870073226770171e+04

     1.953125000000000e-03     4.379621008374233e-01     1.148091369619255e+05

     9.765625000000000e-04     4.379694653015329e-01     4.592442700480201e+05

     4.882812500000000e-04     4.379709494934964e-01     1.836983305344370e+06

     2.441406250000000e-04     4.379713287413579e-01     7.347939584100769e+06

diary off
