diary on
trap_script
 
   N            h           approx           err           err/h^2
--------------------------------------------------------------------------
   2.0000e+00   5.0000e-01   2.5000e+00            0            0

   4.0000e+00   2.5000e-01   2.5000e+00            0            0

   8.0000e+00   1.2500e-01   2.5000e+00            0            0

   1.6000e+01   6.2500e-02   2.5000e+00            0            0

   3.2000e+01   3.1250e-02   2.5000e+00            0            0

   6.4000e+01   1.5625e-02   2.5000e+00            0            0

trap_script
 
   N            h           approx           err           err/h^2
--------------------------------------------------------------------------
   2.0000e+00   5.0000e-01   2.8667e-01   2.9390e-02   1.1756e-01

   4.0000e+00   2.5000e-01   3.0888e-01   7.1777e-03   1.1484e-01

   8.0000e+00   1.2500e-01   3.1428e-01   1.7844e-03   1.1420e-01

   1.6000e+01   6.2500e-02   3.1561e-01   4.4548e-04   1.1404e-01

   3.2000e+01   3.1250e-02   3.1595e-01   1.1133e-04   1.1400e-01

   6.4000e+01   1.5625e-02   3.1603e-01   2.7830e-05   1.1399e-01


trap_script
 
   N            h           approx           err           err/h^2
--------------------------------------------------------------------------
   2.0000e+00   3.1416e+00   6.2832e+00            0            0

   4.0000e+00   1.5708e+00   6.2832e+00            0            0

   8.0000e+00   7.8540e-01   6.2832e+00            0            0

   1.6000e+01   3.9270e-01   6.2832e+00   1.7764e-15   1.1519e-14

   3.2000e+01   1.9635e-01   6.2832e+00            0            0

   6.4000e+01   9.8175e-02   6.2832e+00            0            0

diary off
