bvp_columndriver
 
       h            err        err/h^2
-----------------------------------------
   5.0000e-01   1.5930e-01   6.3722e-01
   2.5000e-01   5.5870e-02   8.9391e-01
   1.2500e-01   1.3945e-02   8.9248e-01
   6.2500e-02   3.5776e-03   9.1587e-01
   3.1250e-02   8.9442e-04   9.1589e-01
   1.5625e-02   2.2361e-04   9.1589e-01
   7.8125e-03   5.5926e-05   9.1630e-01
   3.9063e-03   1.3982e-05   9.1630e-01
   1.9531e-03   3.4954e-06   9.1630e-01
   9.7656e-04   8.7386e-07   9.1630e-01
   4.8828e-04   2.1843e-07   9.1617e-01
   2.4414e-04   5.4640e-08   9.1671e-01
   1.2207e-04   1.4360e-08   9.6370e-01
   6.1035e-05   6.4970e-09   1.7440e+00
   3.0518e-05   7.6755e-09   8.2415e+00

 
diary off
