 
function: cosh(x)+cos(x)-2
hw2_q1(3)
 
            x_n                       f(x_n) 
    ------------------------------------------------ 
     3.000000000000000e+00     6.077669499177320e+00
     2.000000000000000e+00     3.460488545364888e-01
     1.500000000000000e+00    -5.768531830890500e-01
     1.750000000000000e+00    -2.140577459214046e-01
     1.875000000000000e+00     3.755353739794654e-02
     1.812500000000000e+00    -9.486303597334933e-02
     1.843750000000000e+00    -3.036814157462109e-02
     1.859375000000000e+00     3.156614216319742e-03
     1.851562500000000e+00    -1.371381071232225e-02
     1.855468750000000e+00    -5.305731306345596e-03
     1.857421875000000e+00    -1.081357010183304e-03
     1.858398437500000e+00     1.035927084317656e-03
     1.857910156250000e+00    -2.314010470660932e-05
     1.858154296875000e+00     5.062871746299713e-04
     1.858032226562500e+00     2.415469598848752e-04
     1.857971191406250e+00     1.091967842845598e-04
     1.857940673828125e+00     4.302667902145174e-05
     1.857925415039063e+00     9.942871972867806e-06
     1.857917785644531e+00    -6.598720161843374e-06
     1.857921600341797e+00     1.672049956269461e-06
     1.857919692993164e+00    -2.463341590264179e-06
     1.857920646667481e+00    -3.956474392552423e-07
     1.857921123504639e+00     6.382008530536609e-07
     1.857920885086060e+00     1.212766056468695e-07
     1.857920765876770e+00    -1.371854416731821e-07
     1.857920825481415e+00    -7.954424674494476e-09
     1.857920855283737e+00     5.666108915391988e-08
     1.857920840382576e+00     2.435333223971270e-08
     1.857920832931995e+00     8.199453560564507e-09
     1.857920829206705e+00     1.225148871242254e-10
     1.857920827344060e+00    -3.915955115729730e-09
     1.857920828275383e+00    -1.896720114302752e-09

 
function: cosh(x)+cos(x)-3
hw2_q1(4)
 
            x_n                       f(x_n) 
    ------------------------------------------------ 
     3.000000000000000e+00     5.077669499177320e+00
     2.000000000000000e+00    -6.539511454635112e-01
     2.500000000000000e+00     1.331145864116752e+00
     2.250000000000000e+00     1.683939077374559e-01
     2.125000000000000e+00    -2.801011065073125e-01
     2.187500000000000e+00    -6.579926347729259e-02
     2.218750000000000e+00     4.873083164352554e-02
     2.203125000000000e+00    -9.165681382574675e-03
     2.210937500000000e+00     1.962344850593034e-02
     2.207031250000000e+00     5.189260019808017e-03
     2.205078125000000e+00    -1.998096853657039e-03
     2.206054687500000e+00     1.593107578133690e-03
     2.205566406250000e+00    -2.031128311217323e-04
     2.205810546875000e+00     6.948427866904083e-04
     2.205688476562500e+00     2.458263358908752e-04
     2.205627441406250e+00     2.134709251233602e-05
     2.205596923828125e+00    -9.088528419809450e-05
     2.205612182617188e+00    -3.476969957549869e-05
     2.205619812011719e+00    -6.711454465957445e-06
     2.205623626708984e+00     7.317781289373215e-06
     2.205621719360352e+00     3.031539792530680e-07
     2.205620765686035e+00    -3.204152601909982e-06
     2.205621242523193e+00    -1.450499901078928e-06
     2.205621480941773e+00    -5.736731081285029e-07
     2.205621600151062e+00    -1.352596017412111e-07
     2.205621659755707e+00     8.394717987414424e-08
     2.205621629953384e+00    -2.565621359806869e-08
     2.205621644854546e+00     2.914548247190396e-08
     2.205621637403965e+00     1.744634658962241e-09
     2.205621633678675e+00    -1.195578969159783e-08
     2.205621635541320e+00    -5.105577738362399e-09
     2.205621636472642e+00    -1.680471761744684e-09

 
function: cosh(x)+cos(x)-4
hw2_q1(5)
 
            x_n                       f(x_n) 
    ------------------------------------------------ 
     3.000000000000000e+00     4.077669499177320e+00
     2.000000000000000e+00    -1.653951145463511e+00
     2.500000000000000e+00     3.311458641167517e-01
     2.250000000000000e+00    -8.316060922625441e-01
     2.375000000000000e+00    -2.982646338131829e-01
     2.437500000000000e+00     3.687265921776373e-03
     2.406250000000000e+00    -1.503810743104426e-01
     2.421875000000000e+00    -7.413181046335016e-02
     2.429687500000000e+00    -3.541999085520953e-02
     2.433593750000000e+00    -1.591597962244773e-02
     2.435546875000000e+00    -6.126784641309335e-03
     2.436523437500000e+00    -1.222869249234648e-03
     2.437011718750000e+00     1.231420495940050e-03
     2.436767578125000e+00     4.081209276307618e-06
     2.436645507812500e+00    -6.094426177494228e-04
     2.436706542968750e+00    -3.026928543965468e-04
     2.436737060546875e+00    -1.493088601911552e-04
     2.436752319335938e+00    -7.261458487572980e-05
     2.436759948730469e+00    -3.426687765628600e-05
     2.436763763427734e+00    -1.509288165468803e-05
     2.436765670776367e+00    -5.505848055697982e-06
     2.436766624450684e+00    -7.123223557670144e-07
     2.436767101287842e+00     1.684442718641321e-06
     2.436766862869263e+00     4.860599949196853e-07
     2.436766743659973e+00    -1.131312270530316e-07
     2.436766803264618e+00     1.864643728310966e-07
     2.436766773462296e+00     3.666657022449726e-08
     2.436766758561134e+00    -3.823232841426716e-08
     2.436766766011715e+00    -7.828795389741572e-10
     2.436766769737005e+00     1.794184534276155e-08
     2.436766767874360e+00     8.579482901893698e-09
     2.436766766943038e+00     3.898302125548980e-09

 
function: cosh(x)+cos(x)-5
diary off
